Academic License

>> index

Parameters =

   100    15    50     5     5     0     0     0


testIndices =

  Columns 1 through 18

    48    14    24    33    30    55    94    78    93    97   106   147   136   144   127   154   157   176

  Columns 19 through 20

   175   198

Correct : 9/20 = 45%

e =

     2     1     0     2
     1     2     0     2
     1     2     1     1
     0     1     0     4

Elapsed time is 5.199388 seconds.

Parameters =

   100    15    50     5     5     0     0     0


testIndices =

  Columns 1 through 18

    48    14    24    33    30    55    94    78    93    97   106   147   136   144   127   154   157   176

  Columns 19 through 20

   175   198

Correct : 7/20 = 35%

e =

     2     0     0     3
     2     0     1     2
     0     2     2     1
     1     0     1     3

Elapsed time is 4.421377 seconds.

Parameters =

   100    15    50     5     5     0     0     0


testIndices =

  Columns 1 through 18

    48    14    24    33    30    55    94    78    93    97   106   147   136   144   127   154   157   176

  Columns 19 through 20

   175   198

Warning: Failed to converge in 100 iterations.
> In kmeans/loopBody (line 466)
  In internal.stats.parallel.smartForReduce (line 136)
  In kmeans (line 335)
  In index (line 84)
Correct : 3/20 = 15%

e =

     1     1     1     2
     0     0     4     1
     1     2     1     1
     1     1     2     1

Elapsed time is 4.853792 seconds.
Mean is : 25

results =

45
35
15


Parameters =

   100    15    50     5    10     0     0     0


testIndices =

  Columns 1 through 18

    48    14    24    33    30    55    94    78    93    97   106   147   136   144   127   154   157   176

  Columns 19 through 20

   175   198

Correct : 7/20 = 35%

e =

     2     1     2     0
     0     2     1     2
     3     1     0     1
     1     0     1     3

Elapsed time is 3.343512 seconds.

Parameters =

   100    15    50     5    10     0     0     0


testIndices =

  Columns 1 through 18

    48    14    24    33    30    55    94    78    93    97   106   147   136   144   127   154   157   176

  Columns 19 through 20

   175   198

Warning: Failed to converge in 100 iterations.
> In kmeans/loopBody (line 466)
  In internal.stats.parallel.smartForReduce (line 136)
  In kmeans (line 335)
  In index (line 84)
Correct : 8/20 = 40%

e =

     2     1     2     0
     1     1     1     2
     2     1     1     1
     0     0     1     4

Elapsed time is 5.056860 seconds.

Parameters =

   100    15    50     5    10     0     0     0


testIndices =

  Columns 1 through 18

    48    14    24    33    30    55    94    78    93    97   106   147   136   144   127   154   157   176

  Columns 19 through 20

   175   198

Correct : 10/20 = 50%

e =

     4     0     0     1
     0     2     0     3
     3     0     2     0
     1     2     0     2

Elapsed time is 3.678915 seconds.
Mean is : 41

results =

35
40
50


Parameters =

   100    15    50     5    50     0     0     0


testIndices =

  Columns 1 through 18

    48    14    24    33    30    55    94    78    93    97   106   147   136   144   127   154   157   176

  Columns 19 through 20

   175   198

Correct : 4/20 = 20%

e =

     1     0     1     3
     0     1     2     2
     1     0     2     2
     2     2     1     0

Elapsed time is 5.131059 seconds.

Parameters =

   100    15    50     5    50     0     0     0


testIndices =

  Columns 1 through 18

    48    14    24    33    30    55    94    78    93    97   106   147   136   144   127   154   157   176

  Columns 19 through 20

   175   198

Correct : 8/20 = 40%

e =

     3     0     2     0
     1     1     0     3
     0     2     1     2
     0     0     2     3

Elapsed time is 5.429460 seconds.

Parameters =

   100    15    50     5    50     0     0     0


testIndices =

  Columns 1 through 18

    48    14    24    33    30    55    94    78    93    97   106   147   136   144   127   154   157   176

  Columns 19 through 20

   175   198

Correct : 10/20 = 50%

e =

     3     1     0     1
     1     0     2     2
     2     0     3     0
     0     0     1     4

Elapsed time is 5.952937 seconds.
Mean is : 30

results =

20
40
50


Parameters =

   100    15    50     5   100     0     0     0


testIndices =

  Columns 1 through 18

    48    14    24    33    30    55    94    78    93    97   106   147   136   144   127   154   157   176

  Columns 19 through 20

   175   198

Correct : 4/20 = 20%

e =

     2     2     0     1
     1     0     1     3
     4     0     1     0
     1     0     3     1

Elapsed time is 7.233576 seconds.

Parameters =

   100    15    50     5   100     0     0     0


testIndices =

  Columns 1 through 18

    48    14    24    33    30    55    94    78    93    97   106   147   136   144   127   154   157   176

  Columns 19 through 20

   175   198

Correct : 7/20 = 35%

e =

     2     0     2     1
     1     1     1     2
     2     2     1     0
     0     0     2     3

Elapsed time is 6.098896 seconds.

Parameters =

   100    15    50     5   100     0     0     0


testIndices =

  Columns 1 through 18

    48    14    24    33    30    55    94    78    93    97   106   147   136   144   127   154   157   176

  Columns 19 through 20

   175   198

Correct : 7/20 = 35%

e =

     2     0     2     1
     1     1     0     3
     3     0     1     1
     1     0     1     3

Elapsed time is 6.409374 seconds.
Mean is : 23

results =

20
35
35


Parameters =

   100    15    50     5   200     0     0     0


testIndices =

  Columns 1 through 18

    48    14    24    33    30    55    94    78    93    97   106   147   136   144   127   154   157   176

  Columns 19 through 20

   175   198

Correct : 8/20 = 40%

e =

     2     1     1     1
     0     2     3     0
     1     1     3     0
     2     1     1     1

Elapsed time is 8.193227 seconds.

Parameters =

   100    15    50     5   200     0     0     0


testIndices =

  Columns 1 through 18

    48    14    24    33    30    55    94    78    93    97   106   147   136   144   127   154   157   176

  Columns 19 through 20

   175   198

Correct : 7/20 = 35%

e =

     3     0     1     1
     1     2     1     1
     2     2     0     1
     2     1     0     2

Elapsed time is 8.108308 seconds.

Parameters =

   100    15    50     5   200     0     0     0


testIndices =

  Columns 1 through 18

    48    14    24    33    30    55    94    78    93    97   106   147   136   144   127   154   157   176

  Columns 19 through 20

   175   198

Correct : 9/20 = 45%

e =

     3     1     0     1
     1     2     0     2
     0     3     2     0
     2     0     1     2

Elapsed time is 8.738260 seconds.
Mean is : 33

results =

40
35
45


Parameters =

   250    15    50     5     5     0     0     0


testIndices =

  Columns 1 through 18

    48    14    24    33    30    55    94    78    93    97   106   147   136   144   127   154   157   176

  Columns 19 through 20

   175   198

Correct : 10/20 = 50%

e =

     2     1     1     1
     0     1     0     4
     1     1     3     0
     1     0     0     4

Elapsed time is 5.084422 seconds.

Parameters =

   250    15    50     5     5     0     0     0


testIndices =

  Columns 1 through 18

    48    14    24    33    30    55    94    78    93    97   106   147   136   144   127   154   157   176

  Columns 19 through 20

   175   198

Correct : 9/20 = 45%

e =

     3     1     1     0
     1     2     2     0
     2     2     1     0
     0     1     1     3

Elapsed time is 6.926700 seconds.

Parameters =

   250    15    50     5     5     0     0     0


testIndices =

  Columns 1 through 18

    48    14    24    33    30    55    94    78    93    97   106   147   136   144   127   154   157   176

  Columns 19 through 20

   175   198

Correct : 10/20 = 50%

