
>> index

testIndices =

  Columns 1 through 16

    48    14    24    33    30    55    94    78    93    97   106   147   136   144   127   154

  Columns 17 through 20

   157   176   175   198

Warning: Failed to converge in 100 iterations.
> In kmeans/loopBody (line 466)
  In internal.stats.parallel.smartForReduce (line 136)
  In kmeans (line 335)
  In index (line 65)
Correct : 16/20 = 80%

e =

     5     0     0     0
     0     4     0     1
     2     1     2     0
     0     0     0     5

Elapsed time is 148.387082 seconds.

testIndices =

  Columns 1 through 16

    48    14    24    33    30    55    94    78    93    97   106   147   136   144   127   154

  Columns 17 through 20

   157   176   175   198

Warning: Failed to converge in 100 iterations.
> In kmeans/loopBody (line 466)
  In internal.stats.parallel.smartForReduce (line 136)
  In kmeans (line 335)
  In index (line 65)
Correct : 15/20 = 75%

e =

     5     0     0     0
     2     3     0     0
     1     1     3     0
     0     0     1     4

Elapsed time is 172.464891 seconds.

testIndices =

  Columns 1 through 15

    48    14    24    33    30    55    94    78    93    97   106   147   136   144   127

  Columns 16 through 20

   154   157   176   175   198

Warning: Failed to converge in 100 iterations.
> In kmeans/loopBody (line 466)
  In internal.stats.parallel.smartForReduce (line 136)
  In kmeans (line 335)
  In index (line 65)
Correct : 18/20 = 90%

e =

     5     0     0     0
     0     5     0     0
     0     1     4     0
     1     0     0     4

Elapsed time is 169.580315 seconds.

testIndices =

  Columns 1 through 15

    48    14    24    33    30    55    94    78    93    97   106   147   136   144   127

  Columns 16 through 20

   154   157   176   175   198

Warning: Failed to converge in 100 iterations.
> In kmeans/loopBody (line 466)
  In internal.stats.parallel.smartForReduce (line 136)
  In kmeans (line 335)
  In index (line 65)
Correct : 16/20 = 80%

e =

     5     0     0     0
     0     4     1     0
     1     0     4     0
     0     0     2     3

Elapsed time is 153.572799 seconds.

testIndices =

  Columns 1 through 15

    48    14    24    33    30    55    94    78    93    97   106   147   136   144   127

  Columns 16 through 20

   154   157   176   175   198

Warning: Failed to converge in 100 iterations.
> In kmeans/loopBody (line 466)
  In internal.stats.parallel.smartForReduce (line 136)
  In kmeans (line 335)
  In index (line 65)
Correct : 12/20 = 60%

e =

     3     1     1     0
     1     4     0     0
     0     2     3     0
     0     0     3     2

Elapsed time is 164.104187 seconds.

testIndices =

  Columns 1 through 15

    48    14    24    33    30    55    94    78    93    97   106   147   136   144   127

  Columns 16 through 20

   154   157   176   175   198

Warning: Failed to converge in 100 iterations.
> In kmeans/loopBody (line 466)
  In internal.stats.parallel.smartForReduce (line 136)
  In kmeans (line 335)
  In index (line 65)
Correct : 16/20 = 80%

e =

     5     0     0     0
     0     5     0     0
     0     3     2     0
     0     1     0     4

Elapsed time is 142.920823 seconds.

testIndices =

  Columns 1 through 15

    48    14    24    33    30    55    94    78    93    97   106   147   136   144   127

  Columns 16 through 20

   154   157   176   175   198

Warning: Failed to converge in 100 iterations.
> In kmeans/loopBody (line 466)
  In internal.stats.parallel.smartForReduce (line 136)
  In kmeans (line 335)
  In index (line 65)
Correct : 11/20 = 55%

e =

     2     2     1     0
     0     3     2     0
     0     2     3     0
     1     1     0     3

Elapsed time is 146.124042 seconds.

testIndices =

  Columns 1 through 15

    48    14    24    33    30    55    94    78    93    97   106   147   136   144   127

  Columns 16 through 20

   154   157   176   175   198

Warning: Failed to converge in 100 iterations.
> In kmeans/loopBody (line 466)
  In internal.stats.parallel.smartForReduce (line 136)
  In kmeans (line 335)
  In index (line 65)
Correct : 14/20 = 70%

e =

     5     0     0     0
     1     3     1     0
     0     2     2     1
     1     0     0     4

Elapsed time is 153.231992 seconds.

testIndices =

  Columns 1 through 15

    48    14    24    33    30    55    94    78    93    97   106   147   136   144   127

  Columns 16 through 20

   154   157   176   175   198
